{
 "cells": [
  {
   "cell_type": "code",
   "execution_count": 13,
   "metadata": {},
   "outputs": [],
   "source": [
    "import numpy as np\n",
    "from pathlib import Path\n",
    "\n",
    "dataset_path = Path(\"./drive_data/train/cornfield_crossing_00\")\n",
    "\n",
    "info = np.load(dataset_path/'info.npz', allow_pickle=True)"
   ]
  },
  {
   "cell_type": "code",
   "execution_count": 14,
   "metadata": {},
   "outputs": [
    {
     "data": {
      "text/plain": [
       "['track', 'frames']"
      ]
     },
     "execution_count": 14,
     "metadata": {},
     "output_type": "execute_result"
    }
   ],
   "source": [
    "info.files"
   ]
  },
  {
   "cell_type": "code",
   "execution_count": 15,
   "metadata": {},
   "outputs": [
    {
     "name": "stdout",
     "output_type": "stream",
     "text": [
      "track: ()\n",
      "frames: ()\n"
     ]
    }
   ],
   "source": [
    "for key in info.files:\n",
    "    print(f\"{key}: {info[key].shape}\")"
   ]
  },
  {
   "cell_type": "code",
   "execution_count": 18,
   "metadata": {},
   "outputs": [
    {
     "name": "stdout",
     "output_type": "stream",
     "text": [
      "track contents: {'path_nodes': array([[[ 0.40949988,  0.355     , 18.822     ],\n",
      "        [ 0.40949988,  0.355     , 24.698     ]],\n",
      "\n",
      "       [[ 0.40949988,  0.355     , 24.698     ],\n",
      "        [ 0.40949988,  0.355     , 30.573     ]],\n",
      "\n",
      "       [[ 0.40949988,  0.355     , 30.573     ],\n",
      "        [ 0.40949988,  0.355     , 61.649     ]],\n",
      "\n",
      "       ...,\n",
      "\n",
      "       [[ 0.40949988,  0.355     ,  7.071     ],\n",
      "        [ 0.40949988,  0.355     , 12.947     ]],\n",
      "\n",
      "       [[ 0.40949988,  0.355     , 12.947     ],\n",
      "        [ 0.40949988,  0.355     , 18.17      ]],\n",
      "\n",
      "       [[ 0.40949988,  0.355     , 18.17      ],\n",
      "        [ 0.40949988,  0.355     , 18.822     ]]], dtype=float32), 'path_distance': array([[   0.       ,    5.8759995],\n",
      "       [   5.8759995,   11.750999 ],\n",
      "       [  11.750999 ,   42.826996 ],\n",
      "       [  42.826996 ,   52.634705 ],\n",
      "       [  52.634705 ,   57.86182  ],\n",
      "       [  57.86182  ,   60.793526 ],\n",
      "       [  60.793526 ,   63.63824  ],\n",
      "       [  63.63824  ,   66.37862  ],\n",
      "       [  66.37862  ,   68.999016 ],\n",
      "       [  68.999016 ,   71.48689  ],\n",
      "       [  71.48689  ,   73.83616  ],\n",
      "       [  73.83616  ,   76.04967  ],\n",
      "       [  76.04967  ,   78.14067  ],\n",
      "       [  78.14067  ,   80.13768  ],\n",
      "       [  80.13768  ,   82.088615 ],\n",
      "       [  82.088615 ,   83.72388  ],\n",
      "       [  83.72388  ,   85.41867  ],\n",
      "       [  85.41867  ,   87.22299  ],\n",
      "       [  87.22299  ,   89.18489  ],\n",
      "       [  89.18489  ,   91.34973  ],\n",
      "       [  91.34973  ,   93.759    ],\n",
      "       [  93.759    ,   96.447296 ],\n",
      "       [  96.447296 ,   99.44798  ],\n",
      "       [  99.44798  ,  102.78969  ],\n",
      "       [ 102.78969  ,  106.49877  ],\n",
      "       [ 106.49877  ,  110.59919  ],\n",
      "       [ 110.59919  ,  115.23158  ],\n",
      "       [ 115.23158  ,  119.32727  ],\n",
      "       [ 119.32727  ,  121.16466  ],\n",
      "       [ 121.16466  ,  123.00113  ],\n",
      "       [ 123.00113  ,  126.37357  ],\n",
      "       [ 126.37357  ,  129.5632   ],\n",
      "       [ 129.5632   ,  132.68056  ],\n",
      "       [ 132.68056  ,  135.81473  ],\n",
      "       [ 135.81473  ,  139.03323  ],\n",
      "       [ 139.03323  ,  140.70602  ],\n",
      "       [ 140.70602  ,  142.37933  ],\n",
      "       [ 142.37933  ,  145.87909  ],\n",
      "       [ 145.87909  ,  149.54811  ],\n",
      "       [ 149.54811  ,  154.50531  ],\n",
      "       [ 154.50531  ,  159.76326  ],\n",
      "       [ 159.76326  ,  165.33592  ],\n",
      "       [ 165.33592  ,  171.25461  ],\n",
      "       [ 171.25461  ,  177.56793  ],\n",
      "       [ 177.56793  ,  183.4225   ],\n",
      "       [ 183.4225   ,  188.70541  ],\n",
      "       [ 188.70541  ,  194.32838  ],\n",
      "       [ 194.32838  ,  200.34166  ],\n",
      "       [ 200.34166  ,  206.7994   ],\n",
      "       [ 206.7994   ,  213.75891  ],\n",
      "       [ 213.75891  ,  221.06914  ],\n",
      "       [ 221.06914  ,  228.38036  ],\n",
      "       [ 228.38036  ,  232.27466  ],\n",
      "       [ 232.27466  ,  236.16797  ],\n",
      "       [ 236.16797  ,  240.06229  ],\n",
      "       [ 240.06229  ,  249.18788  ],\n",
      "       [ 249.18788  ,  256.27325  ],\n",
      "       [ 256.27325  ,  262.14334  ],\n",
      "       [ 262.14334  ,  268.0052   ],\n",
      "       [ 268.0052   ,  275.0315   ],\n",
      "       [ 275.0315   ,  283.98267  ],\n",
      "       [ 283.98267  ,  293.33768  ],\n",
      "       [ 293.33768  ,  300.4462   ],\n",
      "       [ 300.4462   ,  309.35147  ],\n",
      "       [ 309.35147  ,  343.0711   ],\n",
      "       [ 343.0711   ,  351.59106  ],\n",
      "       [ 351.59106  ,  360.31924  ],\n",
      "       [ 360.31924  ,  368.2373   ],\n",
      "       [ 368.2373   ,  375.36923  ],\n",
      "       [ 375.36923  ,  381.76947  ],\n",
      "       [ 381.76947  ,  387.543    ],\n",
      "       [ 387.543    ,  392.98428  ],\n",
      "       [ 392.98428  ,  398.3981   ],\n",
      "       [ 398.3981   ,  404.12964  ],\n",
      "       [ 404.12964  ,  410.65805  ],\n",
      "       [ 410.65805  ,  414.35208  ],\n",
      "       [ 414.35208  ,  418.38507  ],\n",
      "       [ 418.38507  ,  422.7904   ],\n",
      "       [ 422.7904   ,  427.59824  ],\n",
      "       [ 427.59824  ,  431.7266   ],\n",
      "       [ 431.7266   ,  435.71613  ],\n",
      "       [ 435.71613  ,  439.2959   ],\n",
      "       [ 439.2959   ,  440.3938   ],\n",
      "       [ 440.3938   ,  446.36685  ],\n",
      "       [ 446.36685  ,  451.8      ],\n",
      "       [ 451.8      ,  453.10208  ],\n",
      "       [ 453.10208  ,  457.06036  ],\n",
      "       [ 457.06036  ,  460.24927  ],\n",
      "       [ 460.24927  ,  463.3584   ],\n",
      "       [ 463.3584   ,  466.40094  ],\n",
      "       [ 466.40094  ,  470.40588  ],\n",
      "       [ 470.40588  ,  474.3173   ],\n",
      "       [ 474.3173   ,  478.17148  ],\n",
      "       [ 478.17148  ,  481.96994  ],\n",
      "       [ 481.96994  ,  485.72354  ],\n",
      "       [ 485.72354  ,  489.48325  ],\n",
      "       [ 489.48325  ,  493.31076  ],\n",
      "       [ 493.31076  ,  497.25024  ],\n",
      "       [ 497.25024  ,  501.34448  ],\n",
      "       [ 501.34448  ,  505.64508  ],\n",
      "       [ 505.64508  ,  510.20148  ],\n",
      "       [ 510.20148  ,  513.5293   ],\n",
      "       [ 513.5293   ,  519.53235  ],\n",
      "       [ 519.53235  ,  524.74493  ],\n",
      "       [ 524.74493  ,  529.26324  ],\n",
      "       [ 529.26324  ,  533.1861   ],\n",
      "       [ 533.1861   ,  536.6244   ],\n",
      "       [ 536.6244   ,  541.08777  ],\n",
      "       [ 541.08777  ,  545.13727  ],\n",
      "       [ 545.13727  ,  549.0941   ],\n",
      "       [ 549.0941   ,  553.1664   ],\n",
      "       [ 553.1664   ,  557.44836  ],\n",
      "       [ 557.44836  ,  597.2249   ],\n",
      "       [ 597.2249   ,  602.48083  ],\n",
      "       [ 602.48083  ,  607.6638   ],\n",
      "       [ 607.6638   ,  610.62366  ],\n",
      "       [ 610.62366  ,  614.0762   ],\n",
      "       [ 614.0762   ,  616.08264  ],\n",
      "       [ 616.08264  ,  618.1126   ],\n",
      "       [ 618.1126   ,  620.13635  ],\n",
      "       [ 620.13635  ,  622.0753   ],\n",
      "       [ 622.0753   ,  623.9811   ],\n",
      "       [ 623.9811   ,  625.8951   ],\n",
      "       [ 625.8951   ,  627.8439   ],\n",
      "       [ 627.8439   ,  629.8435   ],\n",
      "       [ 629.8435   ,  631.89825  ],\n",
      "       [ 631.89825  ,  634.0063   ],\n",
      "       [ 634.0063   ,  636.15955  ],\n",
      "       [ 636.15955  ,  638.347    ],\n",
      "       [ 638.347    ,  640.6491   ],\n",
      "       [ 640.6491   ,  642.862    ],\n",
      "       [ 642.862    ,  645.1246   ],\n",
      "       [ 645.1246   ,  647.4781   ],\n",
      "       [ 647.4781   ,  649.9005   ],\n",
      "       [ 649.9005   ,  652.37683  ],\n",
      "       [ 652.37683  ,  654.8959   ],\n",
      "       [ 654.8959   ,  657.46045  ],\n",
      "       [ 657.46045  ,  660.0846   ],\n",
      "       [ 660.0846   ,  662.79755  ],\n",
      "       [ 662.79755  ,  665.6475   ],\n",
      "       [ 665.6475   ,  668.6958   ],\n",
      "       [ 668.6958   ,  672.0154   ],\n",
      "       [ 672.0154   ,  675.68475  ],\n",
      "       [ 675.68475  ,  679.705    ],\n",
      "       [ 679.705    ,  684.01715  ],\n",
      "       [ 684.01715  ,  688.6023   ],\n",
      "       [ 688.6023   ,  693.43335  ],\n",
      "       [ 693.43335  ,  698.4786   ],\n",
      "       [ 698.4786   ,  703.70856  ],\n",
      "       [ 703.70856  ,  709.09784  ],\n",
      "       [ 709.09784  ,  714.6285   ],\n",
      "       [ 714.6285   ,  720.292    ],\n",
      "       [ 720.292    ,  726.09296  ],\n",
      "       [ 726.09296  ,  732.04944  ],\n",
      "       [ 732.04944  ,  738.1957   ],\n",
      "       [ 738.1957   ,  744.31476  ],\n",
      "       [ 744.31476  ,  750.13794  ],\n",
      "       [ 750.13794  ,  755.63513  ],\n",
      "       [ 755.63513  ,  760.7878   ],\n",
      "       [ 760.7878   ,  765.6021   ],\n",
      "       [ 765.6021   ,  770.1271   ],\n",
      "       [ 770.1271   ,  774.4729   ],\n",
      "       [ 774.4729   ,  778.8267   ],\n",
      "       [ 778.8267   ,  783.446    ],\n",
      "       [ 783.446    ,  788.6195   ],\n",
      "       [ 788.6195   ,  794.6254   ],\n",
      "       [ 794.6254   ,  801.712    ],\n",
      "       [ 801.712    ,  808.95654  ],\n",
      "       [ 808.95654  ,  815.4251   ],\n",
      "       [ 815.4251   ,  821.3134   ],\n",
      "       [ 821.3134   ,  826.8006   ],\n",
      "       [ 826.8006   ,  832.0291   ],\n",
      "       [ 832.0291   ,  837.10046  ],\n",
      "       [ 837.10046  ,  842.0674   ],\n",
      "       [ 842.0674   ,  846.94165  ],\n",
      "       [ 846.94165  ,  851.69904  ],\n",
      "       [ 851.69904  ,  856.29     ],\n",
      "       [ 856.29     ,  860.65173  ],\n",
      "       [ 860.65173  ,  864.68384  ],\n",
      "       [ 864.68384  ,  868.2814   ],\n",
      "       [ 868.2814   ,  888.7594   ],\n",
      "       [ 888.7594   ,  892.5538   ],\n",
      "       [ 892.5538   ,  895.4427   ],\n",
      "       [ 895.4427   ,  900.3194   ],\n",
      "       [ 900.3194   ,  910.01514  ],\n",
      "       [ 910.01514  ,  916.3302   ],\n",
      "       [ 916.3302   ,  918.9769   ],\n",
      "       [ 918.9769   ,  921.6234   ],\n",
      "       [ 921.6234   ,  925.60095  ],\n",
      "       [ 925.60095  ,  929.55695  ],\n",
      "       [ 929.55695  ,  934.4603   ],\n",
      "       [ 934.4603   ,  937.469    ],\n",
      "       [ 937.469    ,  940.5892   ],\n",
      "       [ 940.5892   ,  943.80634  ],\n",
      "       [ 943.80634  ,  947.0977   ],\n",
      "       [ 947.0977   ,  950.44116  ],\n",
      "       [ 950.44116  ,  953.8088   ],\n",
      "       [ 953.8088   ,  957.1745   ],\n",
      "       [ 957.1745   ,  960.51086  ],\n",
      "       [ 960.51086  ,  963.79144  ],\n",
      "       [ 963.79144  ,  966.99194  ],\n",
      "       [ 966.99194  ,  968.78955  ],\n",
      "       [ 968.78955  ,  972.26953  ],\n",
      "       [ 972.26953  ,  975.5768   ],\n",
      "       [ 975.5768   ,  978.7051   ],\n",
      "       [ 978.7051   ,  981.6696   ],\n",
      "       [ 981.6696   ,  984.51575  ],\n",
      "       [ 984.51575  ,  991.6295   ],\n",
      "       [ 991.6295   ,  998.106    ],\n",
      "       [ 998.106    , 1004.0525   ],\n",
      "       [1004.0525   , 1009.53973  ],\n",
      "       [1009.53973  , 1014.6059   ],\n",
      "       [1014.6059   , 1019.26434  ],\n",
      "       [1019.26434  , 1023.52875  ],\n",
      "       [1023.52875  , 1027.4343   ],\n",
      "       [1027.4343   , 1031.0824   ],\n",
      "       [1031.0824   , 1034.6846   ],\n",
      "       [1034.6846   , 1038.5725   ],\n",
      "       [1038.5725   , 1043.3812   ],\n",
      "       [1043.3812   , 1049.3535   ],\n",
      "       [1049.3535   , 1056.8458   ],\n",
      "       [1056.8458   , 1059.736    ],\n",
      "       [1059.736    , 1062.8395   ],\n",
      "       [1062.8395   , 1067.9371   ],\n",
      "       [1067.9371   , 1072.5651   ],\n",
      "       [1072.5651   , 1076.755    ],\n",
      "       [1076.755    , 1080.5427   ],\n",
      "       [1080.5427   , 1083.9678   ],\n",
      "       [1083.9678   , 1087.0745   ],\n",
      "       [1087.0745   , 1089.9113   ],\n",
      "       [1089.9113   , 1092.5326   ],\n",
      "       [1092.5326   , 1094.995    ],\n",
      "       [1094.995    , 1097.3593   ],\n",
      "       [1097.3593   , 1099.6797   ],\n",
      "       [1099.6797   , 1101.9049   ],\n",
      "       [1101.9049   , 1104.1744   ],\n",
      "       [1104.1744   , 1106.5161   ],\n",
      "       [1106.5161   , 1108.9507   ],\n",
      "       [1108.9507   , 1111.4905   ],\n",
      "       [1111.4905   , 1114.1417   ],\n",
      "       [1114.1417   , 1116.907    ],\n",
      "       [1116.907    , 1119.7833   ],\n",
      "       [1119.7833   , 1122.7668   ],\n",
      "       [1122.7668   , 1125.8518   ],\n",
      "       [1125.8518   , 1129.0282   ],\n",
      "       [1129.0282   , 1131.5131   ],\n",
      "       [1131.5131   , 1135.3209   ],\n",
      "       [1135.3209   , 1139.2109   ],\n",
      "       [1139.2109   , 1143.1661   ],\n",
      "       [1143.1661   , 1150.9132   ],\n",
      "       [1150.9132   , 1157.4233   ],\n",
      "       [1157.4233   , 1162.9044   ],\n",
      "       [1162.9044   , 1167.582    ],\n",
      "       [1167.582    , 1171.6952   ],\n",
      "       [1171.6952   , 1175.4722   ],\n",
      "       [1175.4722   , 1179.105    ],\n",
      "       [1179.105    , 1182.7224   ],\n",
      "       [1182.7224   , 1186.387    ],\n",
      "       [1186.387    , 1190.112    ],\n",
      "       [1190.112    , 1193.8745   ],\n",
      "       [1193.8745   , 1199.237    ],\n",
      "       [1199.237    , 1204.5991   ],\n",
      "       [1204.5991   , 1209.9011   ],\n",
      "       [1209.9011   , 1215.0251   ],\n",
      "       [1215.0251   , 1220.1492   ],\n",
      "       [1220.1492   , 1228.5862   ],\n",
      "       [1228.5862   , 1234.4622   ],\n",
      "       [1234.4622   , 1240.3372   ],\n",
      "       [1240.3372   , 1246.2131   ],\n",
      "       [1246.2131   , 1252.0881   ],\n",
      "       [1252.0881   , 1257.9641   ],\n",
      "       [1257.9641   , 1263.1871   ],\n",
      "       [1263.1871   , 1263.8391   ]], dtype=float32), 'path_width': array([[10.857    ],\n",
      "       [10.857    ],\n",
      "       [10.857    ],\n",
      "       [10.857019 ],\n",
      "       [10.857334 ],\n",
      "       [10.857668 ],\n",
      "       [10.85824  ],\n",
      "       [10.859549 ],\n",
      "       [10.861479 ],\n",
      "       [10.864023 ],\n",
      "       [10.867525 ],\n",
      "       [10.873482 ],\n",
      "       [10.882093 ],\n",
      "       [10.892543 ],\n",
      "       [10.898971 ],\n",
      "       [10.896367 ],\n",
      "       [10.891985 ],\n",
      "       [10.887842 ],\n",
      "       [10.881672 ],\n",
      "       [10.875935 ],\n",
      "       [10.870804 ],\n",
      "       [10.866499 ],\n",
      "       [10.863379 ],\n",
      "       [10.861496 ],\n",
      "       [10.859989 ],\n",
      "       [10.858618 ],\n",
      "       [10.865276 ],\n",
      "       [10.875493 ],\n",
      "       [10.867891 ],\n",
      "       [10.870973 ],\n",
      "       [10.885738 ],\n",
      "       [10.885615 ],\n",
      "       [10.881845 ],\n",
      "       [10.875392 ],\n",
      "       [10.868294 ],\n",
      "       [10.860891 ],\n",
      "       [10.858694 ],\n",
      "       [10.859539 ],\n",
      "       [10.857822 ],\n",
      "       [10.856642 ],\n",
      "       [10.856838 ],\n",
      "       [10.857935 ],\n",
      "       [10.858782 ],\n",
      "       [10.859411 ],\n",
      "       [10.859297 ],\n",
      "       [10.8583765],\n",
      "       [10.858349 ],\n",
      "       [10.858379 ],\n",
      "       [10.858002 ],\n",
      "       [10.857933 ],\n",
      "       [10.857586 ],\n",
      "       [10.858076 ],\n",
      "       [10.85785  ],\n",
      "       [10.859043 ],\n",
      "       [10.863922 ],\n",
      "       [10.883478 ],\n",
      "       [10.944904 ],\n",
      "       [11.026487 ],\n",
      "       [11.022762 ],\n",
      "       [10.939453 ],\n",
      "       [10.8807125],\n",
      "       [11.263092 ],\n",
      "       [11.59711  ],\n",
      "       [11.195126 ],\n",
      "       [10.857233 ],\n",
      "       [10.85684  ],\n",
      "       [10.857115 ],\n",
      "       [10.857775 ],\n",
      "       [10.858795 ],\n",
      "       [10.861288 ],\n",
      "       [10.864033 ],\n",
      "       [10.865205 ],\n",
      "       [10.863586 ],\n",
      "       [10.862572 ],\n",
      "       [10.863691 ],\n",
      "       [10.863829 ],\n",
      "       [10.863275 ],\n",
      "       [10.862119 ],\n",
      "       [10.859537 ],\n",
      "       [10.857066 ],\n",
      "       [10.856379 ],\n",
      "       [10.861704 ],\n",
      "       [10.867321 ],\n",
      "       [10.877216 ],\n",
      "       [10.886553 ],\n",
      "       [10.886923 ],\n",
      "       [10.854772 ],\n",
      "       [10.818893 ],\n",
      "       [10.810397 ],\n",
      "       [10.799688 ],\n",
      "       [10.795559 ],\n",
      "       [10.799498 ],\n",
      "       [10.805003 ],\n",
      "       [10.81057  ],\n",
      "       [10.816341 ],\n",
      "       [10.824316 ],\n",
      "       [10.83198  ],\n",
      "       [10.836033 ],\n",
      "       [10.838554 ],\n",
      "       [10.841369 ],\n",
      "       [10.843178 ],\n",
      "       [10.843994 ],\n",
      "       [10.851301 ],\n",
      "       [10.857323 ],\n",
      "       [10.855409 ],\n",
      "       [10.853903 ],\n",
      "       [10.865477 ],\n",
      "       [10.903299 ],\n",
      "       [10.924865 ],\n",
      "       [10.906542 ],\n",
      "       [10.881452 ],\n",
      "       [10.865114 ],\n",
      "       [ 8.888091 ],\n",
      "       [ 7.461768 ],\n",
      "       [ 8.007423 ],\n",
      "       [ 8.007076 ],\n",
      "       [ 8.006935 ],\n",
      "       [ 8.00708  ],\n",
      "       [ 8.006975 ],\n",
      "       [ 8.007156 ],\n",
      "       [ 8.00703  ],\n",
      "       [ 8.006712 ],\n",
      "       [ 8.007041 ],\n",
      "       [ 8.007524 ],\n",
      "       [ 8.007423 ],\n",
      "       [ 8.007225 ],\n",
      "       [ 8.007288 ],\n",
      "       [ 8.007374 ],\n",
      "       [ 8.007357 ],\n",
      "       [ 8.007124 ],\n",
      "       [ 8.007321 ],\n",
      "       [ 8.007807 ],\n",
      "       [ 8.007723 ],\n",
      "       [ 8.007135 ],\n",
      "       [ 8.006978 ],\n",
      "       [ 8.007349 ],\n",
      "       [ 8.007292 ],\n",
      "       [ 8.006835 ],\n",
      "       [ 8.007108 ],\n",
      "       [ 8.007458 ],\n",
      "       [ 8.007565 ],\n",
      "       [ 8.007365 ],\n",
      "       [ 8.006977 ],\n",
      "       [ 8.006903 ],\n",
      "       [ 8.006761 ],\n",
      "       [ 8.007056 ],\n",
      "       [ 8.007496 ],\n",
      "       [ 8.007593 ],\n",
      "       [ 8.007431 ],\n",
      "       [ 8.007    ],\n",
      "       [ 8.006847 ],\n",
      "       [ 8.006643 ],\n",
      "       [ 8.0068655],\n",
      "       [ 8.007477 ],\n",
      "       [ 8.0072975],\n",
      "       [ 8.0073395],\n",
      "       [ 8.007078 ],\n",
      "       [ 8.006884 ],\n",
      "       [ 8.0069275],\n",
      "       [ 8.006784 ],\n",
      "       [ 8.006981 ],\n",
      "       [ 8.006824 ],\n",
      "       [ 8.007226 ],\n",
      "       [ 8.007505 ],\n",
      "       [ 8.006966 ],\n",
      "       [ 8.0070915],\n",
      "       [ 8.00729  ],\n",
      "       [ 8.007204 ],\n",
      "       [ 8.007406 ],\n",
      "       [ 8.007299 ],\n",
      "       [ 8.007231 ],\n",
      "       [ 8.007118 ],\n",
      "       [ 8.006497 ],\n",
      "       [ 8.006806 ],\n",
      "       [ 8.007084 ],\n",
      "       [ 8.0068035],\n",
      "       [ 8.007076 ],\n",
      "       [ 7.999529 ],\n",
      "       [ 7.9984465],\n",
      "       [ 8.005586 ],\n",
      "       [ 9.10186  ],\n",
      "       [10.197704 ],\n",
      "       [10.21147  ],\n",
      "       [10.370709 ],\n",
      "       [10.688192 ],\n",
      "       [10.860525 ],\n",
      "       [10.824645 ],\n",
      "       [10.824717 ],\n",
      "       [10.861164 ],\n",
      "       [10.861349 ],\n",
      "       [10.862486 ],\n",
      "       [10.862308 ],\n",
      "       [10.8600445],\n",
      "       [10.858397 ],\n",
      "       [10.8575115],\n",
      "       [10.857309 ],\n",
      "       [10.856998 ],\n",
      "       [10.856611 ],\n",
      "       [10.857254 ],\n",
      "       [10.857946 ],\n",
      "       [10.858173 ],\n",
      "       [10.858055 ],\n",
      "       [10.85828  ],\n",
      "       [10.859718 ],\n",
      "       [10.861748 ],\n",
      "       [10.86447  ],\n",
      "       [10.86792  ],\n",
      "       [10.870201 ],\n",
      "       [10.8692   ],\n",
      "       [10.8657675],\n",
      "       [10.861454 ],\n",
      "       [10.857967 ],\n",
      "       [10.858213 ],\n",
      "       [10.863918 ],\n",
      "       [10.8810215],\n",
      "       [10.911221 ],\n",
      "       [10.938198 ],\n",
      "       [10.920347 ],\n",
      "       [10.877691 ],\n",
      "       [10.861137 ],\n",
      "       [10.858423 ],\n",
      "       [10.857458 ],\n",
      "       [10.8584385],\n",
      "       [10.859741 ],\n",
      "       [10.860933 ],\n",
      "       [10.862492 ],\n",
      "       [10.864679 ],\n",
      "       [10.867786 ],\n",
      "       [10.87122  ],\n",
      "       [10.875385 ],\n",
      "       [10.880198 ],\n",
      "       [10.883727 ],\n",
      "       [10.88537  ],\n",
      "       [10.883656 ],\n",
      "       [10.878883 ],\n",
      "       [10.874702 ],\n",
      "       [10.871148 ],\n",
      "       [10.867283 ],\n",
      "       [10.863926 ],\n",
      "       [10.862017 ],\n",
      "       [10.86082  ],\n",
      "       [10.858917 ],\n",
      "       [10.858011 ],\n",
      "       [10.857491 ],\n",
      "       [10.856834 ],\n",
      "       [10.856842 ],\n",
      "       [10.856842 ],\n",
      "       [10.857277 ],\n",
      "       [10.858833 ],\n",
      "       [10.865881 ],\n",
      "       [10.876231 ],\n",
      "       [10.886608 ],\n",
      "       [10.899217 ],\n",
      "       [10.909155 ],\n",
      "       [10.909459 ],\n",
      "       [10.898291 ],\n",
      "       [10.883127 ],\n",
      "       [10.87006  ],\n",
      "       [10.86182  ],\n",
      "       [10.858395 ],\n",
      "       [10.85711  ],\n",
      "       [10.857    ],\n",
      "       [10.857    ],\n",
      "       [10.857    ],\n",
      "       [10.857    ],\n",
      "       [10.857    ],\n",
      "       [10.857    ],\n",
      "       [10.857    ],\n",
      "       [10.857    ],\n",
      "       [10.857    ],\n",
      "       [10.857    ],\n",
      "       [10.857    ],\n",
      "       [10.857    ]], dtype=float32)}\n",
      "\n",
      "frames contents: {'V': [array([[ 9.99999940e-01, -3.97743890e-04,  1.03773535e-04,\n",
      "         0.00000000e+00],\n",
      "       [ 4.09678323e-04,  9.85030651e-01, -1.72378868e-01,\n",
      "         0.00000000e+00],\n",
      "       [-3.36574703e-05,  1.72378898e-01,  9.85030711e-01,\n",
      "         0.00000000e+00],\n",
      "       [ 8.92707348e-01, -3.06269693e+00, -1.42534437e+01,\n",
      "         1.00000000e+00]], dtype=float32), array([[ 9.9957818e-01,  4.9482742e-03,  2.8617915e-02,  0.0000000e+00],\n",
      "       [ 5.3224189e-04,  9.8209184e-01, -1.8840218e-01,  0.0000000e+00],\n",
      "       [-2.9037684e-02,  1.8833794e-01,  9.8167491e-01,  0.0000000e+00],\n",
      "       [ 1.3354015e+00, -3.4435136e+00, -1.4833013e+01,  1.0000000e+00]],\n",
      "      dtype=float32), array([[ 9.9721545e-01,  1.4558723e-02,  7.3139794e-02,  0.0000000e+00],\n",
      "       [ 7.9822133e-04,  9.7861886e-01, -2.0568065e-01,  0.0000000e+00],\n",
      "       [-7.4570425e-02,  2.0516631e-01,  9.7588217e-01,  0.0000000e+00],\n",
      "       [ 2.1081679e+00, -4.0556817e+00, -1.6277155e+01,  1.0000000e+00]],\n",
      "      dtype=float32), array([[ 9.9657470e-01,  1.6583344e-02,  8.1017256e-02,  0.0000000e+00],\n",
      "       [ 1.1135845e-03,  9.7690737e-01, -2.1366021e-01,  0.0000000e+00],\n",
      "       [-8.2689553e-02,  2.1301858e-01,  9.7354281e-01,  0.0000000e+00],\n",
      "       [ 2.2536204e+00, -4.6322393e+00, -1.8197786e+01,  1.0000000e+00]],\n",
      "      dtype=float32), array([[ 9.9888819e-01,  8.9524304e-03,  4.6284616e-02,  0.0000000e+00],\n",
      "       [ 1.2935094e-03,  9.7622877e-01, -2.1673919e-01,  0.0000000e+00],\n",
      "       [-4.7124714e-02,  2.1655810e-01,  9.7513175e-01,  0.0000000e+00],\n",
      "       [ 1.5051947e+00, -5.1847930e+00, -2.0383955e+01,  1.0000000e+00]],\n",
      "      dtype=float32), array([[ 9.9957037e-01,  5.0784582e-03,  2.8866852e-02,  0.0000000e+00],\n",
      "       [ 1.3572229e-03,  9.7579890e-01, -2.1866581e-01,  0.0000000e+00],\n",
      "       [-2.9278727e-02,  2.1861103e-01,  9.7537273e-01,  0.0000000e+00],\n",
      "       [ 1.0874811e+00, -5.7283845e+00, -2.2604053e+01,  1.0000000e+00]],\n",
      "      dtype=float32), array([[ 9.9957055e-01,  5.0573247e-03,  2.8863838e-02,  0.0000000e+00],\n",
      "       [ 1.3960064e-03,  9.7565806e-01, -2.1929261e-01,  0.0000000e+00],\n",
      "       [-2.9270275e-02,  2.1923873e-01,  9.7523206e-01,  0.0000000e+00],\n",
      "       [ 1.0822555e+00, -6.2475142e+00, -2.4839384e+01,  1.0000000e+00]],\n",
      "      dtype=float32), array([[ 9.9957067e-01,  5.0390130e-03,  2.8863605e-02,  0.0000000e+00],\n",
      "       [ 1.4153417e-03,  9.7564673e-01, -2.1934304e-01,  0.0000000e+00],\n",
      "       [-2.9265957e-02,  2.1928972e-01,  9.7522074e-01,  0.0000000e+00],\n",
      "       [ 1.0779768e+00, -6.7525005e+00, -2.7078749e+01,  1.0000000e+00]],\n",
      "      dtype=float32), array([[ 9.9957067e-01,  5.0361063e-03,  2.8863581e-02,  0.0000000e+00],\n",
      "       [ 1.4181203e-03,  9.7564709e-01, -2.1934125e-01,  0.0000000e+00],\n",
      "       [-2.9265299e-02,  2.1928801e-01,  9.7522110e-01,  0.0000000e+00],\n",
      "       [ 1.0746541e+00, -7.2560234e+00, -2.9318468e+01,  1.0000000e+00]],\n",
      "      dtype=float32), array([[ 9.9957061e-01,  5.0476524e-03,  2.8863586e-02,  0.0000000e+00],\n",
      "       [ 1.4069851e-03,  9.7564620e-01, -2.1934570e-01,  0.0000000e+00],\n",
      "       [-2.9267829e-02,  2.1929212e-01,  9.7522014e-01,  0.0000000e+00],\n",
      "       [ 1.0722871e+00, -7.7597351e+00, -3.1558128e+01,  1.0000000e+00]],\n",
      "      dtype=float32), array([[ 9.9959016e-01,  4.9254321e-03,  2.8200760e-02,  0.0000000e+00],\n",
      "       [ 1.3839371e-03,  9.7562218e-01, -2.1945260e-01,  0.0000000e+00],\n",
      "       [-2.8594188e-02,  2.1940169e-01,  9.7521549e-01,  0.0000000e+00],\n",
      "       [ 1.0459224e+00, -8.2673616e+00, -3.3797710e+01,  1.0000000e+00]],\n",
      "      dtype=float32), array([[ 9.9963731e-01,  4.5915358e-03,  2.6537249e-02,  0.0000000e+00],\n",
      "       [ 1.3453944e-03,  9.7561544e-01, -2.1948317e-01,  0.0000000e+00],\n",
      "       [-2.6897913e-02,  2.1943927e-01,  9.7525531e-01,  0.0000000e+00],\n",
      "       [ 9.8036206e-01, -8.7726240e+00, -3.6038719e+01,  1.0000000e+00]],\n",
      "      dtype=float32), array([[ 9.9969625e-01,  4.1445685e-03,  2.4293752e-02,  0.0000000e+00],\n",
      "       [ 1.2891492e-03,  9.7561365e-01, -2.1949080e-01,  0.0000000e+00],\n",
      "       [-2.4611015e-02,  2.1945545e-01,  9.7531199e-01,  0.0000000e+00],\n",
      "       [ 8.8811392e-01, -9.2771282e+00, -3.8280380e+01,  1.0000000e+00]],\n",
      "      dtype=float32), array([[ 9.9973601e-01,  3.8463334e-03,  2.2651382e-02,  0.0000000e+00],\n",
      "       [ 1.2195271e-03,  9.7561407e-01, -2.1948957e-01,  0.0000000e+00],\n",
      "       [-2.2943238e-02,  2.1945927e-01,  9.7535187e-01,  0.0000000e+00],\n",
      "       [ 8.1797111e-01, -9.7811413e+00, -4.0521416e+01,  1.0000000e+00]],\n",
      "      dtype=float32), array([[ 9.9977773e-01,  3.5066435e-03,  2.0789208e-02,  0.0000000e+00],\n",
      "       [ 1.1423778e-03,  9.7561169e-01, -2.1950072e-01,  0.0000000e+00],\n",
      "       [-2.1051904e-02,  2.1947569e-01,  9.7539079e-01,  0.0000000e+00],\n",
      "       [ 7.3363638e-01, -1.0285707e+01, -4.2762371e+01,  1.0000000e+00]],\n",
      "      dtype=float32), array([[ 9.9980462e-01,  3.2970803e-03,  1.9488586e-02,  0.0000000e+00],\n",
      "       [ 1.0613697e-03,  9.7561091e-01, -2.1950439e-01,  0.0000000e+00],\n",
      "       [-1.9737000e-02,  2.1948218e-01,  9.7541684e-01,  0.0000000e+00],\n",
      "       [ 6.7158854e-01, -1.0789869e+01, -4.5002857e+01,  1.0000000e+00]],\n",
      "      dtype=float32), array([[ 9.9981630e-01,  3.2481379e-03,  1.8890670e-02,  0.0000000e+00],\n",
      "       [ 9.7787858e-04,  9.7561067e-01, -2.1950610e-01,  0.0000000e+00],\n",
      "       [-1.9142922e-02,  2.1948425e-01,  9.7542822e-01,  0.0000000e+00],\n",
      "       [ 6.4341366e-01, -1.1293872e+01, -4.7242832e+01,  1.0000000e+00]],\n",
      "      dtype=float32), array([[ 9.99849021e-01,  2.93813227e-03,  1.71261951e-02,\n",
      "         0.00000000e+00],\n",
      "       [ 8.92905984e-04,  9.75611448e-01, -2.19502732e-01,\n",
      "         0.00000000e+00],\n",
      "       [-1.73534416e-02,  2.19484881e-01,  9.75461543e-01,\n",
      "         0.00000000e+00],\n",
      "       [ 5.53146839e-01, -1.17977085e+01, -4.94835358e+01,\n",
      "         1.00000000e+00]], dtype=float32), array([[ 9.99903798e-01,  2.25440064e-03,  1.36856325e-02,\n",
      "         0.00000000e+00],\n",
      "       [ 8.04759853e-04,  9.75610495e-01, -2.19507530e-01,\n",
      "         0.00000000e+00],\n",
      "       [-1.38467038e-02,  2.19497427e-01,  9.75514829e-01,\n",
      "         0.00000000e+00],\n",
      "       [ 3.67103189e-01, -1.23020325e+01, -5.17246552e+01,\n",
      "         1.00000000e+00]], dtype=float32), array([[ 9.9994254e-01,  1.6504040e-03,  1.0596008e-02,  0.0000000e+00],\n",
      "       [ 7.1599177e-04,  9.7560650e-01, -2.1952562e-01,  0.0000000e+00],\n",
      "       [-1.0699840e-02,  2.1952060e-01,  9.7554916e-01,  0.0000000e+00],\n",
      "       [ 1.9319925e-01, -1.2806928e+01, -5.3964920e+01,  1.0000000e+00]],\n",
      "      dtype=float32), array([[ 9.9996781e-01,  1.1381065e-03,  7.9432931e-03,  0.0000000e+00],\n",
      "       [ 6.3688529e-04,  9.7551167e-01, -2.1994668e-01,  0.0000000e+00],\n",
      "       [-7.9990979e-03,  2.1994467e-01,  9.7547954e-01,  0.0000000e+00],\n",
      "       [ 3.7889928e-02, -1.3335182e+01, -5.6199558e+01,  1.0000000e+00]],\n",
      "      dtype=float32), array([[ 9.99984026e-01,  6.75576681e-04,  5.60454791e-03,\n",
      "         0.00000000e+00],\n",
      "       [ 5.72543184e-04,  9.75556135e-01, -2.19749570e-01,\n",
      "         0.00000000e+00],\n",
      "       [-5.61600877e-03,  2.19749257e-01,  9.75540221e-01,\n",
      "         0.00000000e+00],\n",
      "       [-1.04394734e-01, -1.38270369e+01, -5.84418793e+01,\n",
      "         1.00000000e+00]], dtype=float32), array([[ 9.9998873e-01,  5.5797904e-04,  4.7158906e-03,  0.0000000e+00],\n",
      "       [ 5.1158358e-04,  9.7463560e-01, -2.2379740e-01,  0.0000000e+00],\n",
      "       [-4.7211489e-03,  2.2379729e-01,  9.7462428e-01,  0.0000000e+00],\n",
      "       [-1.5980804e-01, -1.4585874e+01, -6.0624882e+01,  1.0000000e+00]],\n",
      "      dtype=float32), array([[ 9.99990642e-01,  5.36012114e-04,  4.29234747e-03,\n",
      "         0.00000000e+00],\n",
      "       [ 4.45815211e-04,  9.74238157e-01, -2.25520983e-01,\n",
      "         0.00000000e+00],\n",
      "       [-4.30265116e-03,  2.25520775e-01,  9.74228799e-01,\n",
      "         0.00000000e+00],\n",
      "       [-1.86492205e-01, -1.52008915e+01, -6.28395500e+01,\n",
      "         1.00000000e+00]], dtype=float32), array([[ 9.9999064e-01,  6.0740556e-04,  4.2923479e-03,  0.0000000e+00],\n",
      "       [ 3.7625874e-04,  9.7423834e-01, -2.2552060e-01,  0.0000000e+00],\n",
      "       [-4.3187528e-03,  2.2552009e-01,  9.7422892e-01,  0.0000000e+00],\n",
      "       [-1.8471333e-01, -1.5704668e+01, -6.5079506e+01,  1.0000000e+00]],\n",
      "      dtype=float32), array([[ 9.9999058e-01,  6.8951293e-04,  4.2923419e-03,  0.0000000e+00],\n",
      "       [ 2.9629219e-04,  9.7423691e-01, -2.2552684e-01,  0.0000000e+00],\n",
      "       [-4.3372619e-03,  2.2552598e-01,  9.7422749e-01,  0.0000000e+00],\n",
      "       [-1.8257993e-01, -1.6208189e+01, -6.7319794e+01,  1.0000000e+00]],\n",
      "      dtype=float32), array([[ 9.9999052e-01,  7.6203357e-04,  4.2922581e-03,  0.0000000e+00],\n",
      "       [ 2.2604986e-04,  9.7421467e-01, -2.2562298e-01,  0.0000000e+00],\n",
      "       [-4.3535130e-03,  2.2562182e-01,  9.7420520e-01,  0.0000000e+00],\n",
      "       [-1.8135872e-01, -1.6719877e+01, -6.9562752e+01,  1.0000000e+00]],\n",
      "      dtype=float32), array([[ 9.9988031e-01,  3.5021082e-03,  1.5069221e-02,  0.0000000e+00],\n",
      "       [-9.8339524e-06,  9.7418535e-01, -2.2574955e-01,  0.0000000e+00],\n",
      "       [-1.5470814e-02,  2.2572239e-01,  9.7406882e-01,  0.0000000e+00],\n",
      "       [ 6.3365465e-01, -1.7231895e+01, -7.1806656e+01,  1.0000000e+00]],\n",
      "      dtype=float32), array([[ 9.9907827e-01,  1.1365177e-02,  4.1393764e-02,  0.0000000e+00],\n",
      "       [-1.0182457e-03,  9.7031653e-01, -2.4183622e-01,  0.0000000e+00],\n",
      "       [-4.2913567e-02,  2.4157116e-01,  9.6943372e-01,  0.0000000e+00],\n",
      "       [ 2.7087431e+00, -1.8951818e+01, -7.3711830e+01,  1.0000000e+00]],\n",
      "      dtype=float32), array([[ 9.9696374e-01,  1.9916737e-02,  7.5277761e-02,  0.0000000e+00],\n",
      "       [-2.2179545e-03,  9.7360724e-01, -2.2821955e-01,  0.0000000e+00],\n",
      "       [-7.7836365e-02,  2.2735965e-01,  9.7069514e-01,  0.0000000e+00],\n",
      "       [ 5.4328055e+00, -1.8346684e+01, -7.6069267e+01,  1.0000000e+00]],\n",
      "      dtype=float32), array([[ 9.92807567e-01,  3.00647169e-02,  1.15884215e-01,\n",
      "         0.00000000e+00],\n",
      "       [-4.04014532e-03,  9.75817144e-01, -2.18550742e-01,\n",
      "         0.00000000e+00],\n",
      "       [-1.19652480e-01,  2.16510639e-01,  9.68920231e-01,\n",
      "         0.00000000e+00],\n",
      "       [ 8.79030228e+00, -1.79610748e+01, -7.81990051e+01,\n",
      "         1.00000000e+00]], dtype=float32), array([[ 9.8550296e-01,  4.4013385e-02,  1.6384961e-01,  0.0000000e+00],\n",
      "       [-6.4404593e-03,  9.7477275e-01, -2.2310677e-01,  0.0000000e+00],\n",
      "       [-1.6953580e-01,  2.1881711e-01,  9.6092492e-01,  0.0000000e+00],\n",
      "       [ 1.2913845e+01, -1.8655264e+01, -7.9830307e+01,  1.0000000e+00]],\n",
      "      dtype=float32), array([[ 9.7266281e-01,  6.3214608e-02,  2.2345255e-01,  0.0000000e+00],\n",
      "       [-9.3014995e-03,  9.7206938e-01, -2.3450954e-01,  0.0000000e+00],\n",
      "       [-2.3203580e-01,  2.2602026e-01,  9.4608366e-01,  0.0000000e+00],\n",
      "       [ 1.8232374e+01, -1.9810904e+01, -8.0891006e+01,  1.0000000e+00]],\n",
      "      dtype=float32), array([[ 9.5180464e-01,  8.5017890e-02,  2.9468617e-01,  0.0000000e+00],\n",
      "       [-1.2629156e-02,  9.7086215e-01, -2.3930594e-01,  0.0000000e+00],\n",
      "       [-3.0644491e-01,  2.2405086e-01,  9.2514473e-01,  0.0000000e+00],\n",
      "       [ 2.4749929e+01, -2.0211142e+01, -8.1421738e+01,  1.0000000e+00]],\n",
      "      dtype=float32), array([[ 9.1556633e-01,  1.1003111e-01,  3.8682222e-01,  0.0000000e+00],\n",
      "       [-1.6412515e-02,  9.7126627e-01, -2.3742886e-01,  0.0000000e+00],\n",
      "       [-4.0183195e-01,  2.1103314e-01,  8.9106458e-01,  0.0000000e+00],\n",
      "       [ 3.3359367e+01, -1.9637966e+01, -8.0807167e+01,  1.0000000e+00]],\n",
      "      dtype=float32), array([[ 8.1662726e-01,  1.5127389e-01,  5.5698848e-01,  0.0000000e+00],\n",
      "       [-1.9848825e-02,  9.7183120e-01, -2.3484075e-01,  0.0000000e+00],\n",
      "       [-5.7682407e-01,  1.8072179e-01,  7.9662645e-01,  0.0000000e+00],\n",
      "       [ 4.9703598e+01, -1.7513027e+01, -7.4895981e+01,  1.0000000e+00]],\n",
      "      dtype=float32), array([[ 7.5792724e-01,  1.6668515e-01,  6.3068402e-01,  0.0000000e+00],\n",
      "       [-2.5204845e-02,  9.7356480e-01, -2.2701600e-01,  0.0000000e+00],\n",
      "       [-6.5185195e-01,  1.5616532e-01,  7.4209261e-01,  0.0000000e+00],\n",
      "       [ 5.6958569e+01, -1.5778674e+01, -7.2243889e+01,  1.0000000e+00]],\n",
      "      dtype=float32), array([[ 6.4165860e-01,  1.7606165e-01,  7.4650961e-01,  0.0000000e+00],\n",
      "       [-3.1064501e-02,  9.7846413e-01, -2.0406596e-01,  0.0000000e+00],\n",
      "       [-7.6636106e-01,  1.0775073e-01,  6.3330919e-01,  0.0000000e+00],\n",
      "       [ 6.8517426e+01, -1.1687509e+01, -6.4654526e+01,  1.0000000e+00]],\n",
      "      dtype=float32), array([[ 5.4880583e-01,  1.5430626e-01,  8.2158494e-01,  0.0000000e+00],\n",
      "       [-3.8477939e-02,  9.8643720e-01, -1.5956539e-01,  0.0000000e+00],\n",
      "       [-8.3506382e-01,  5.5957519e-02,  5.4729986e-01,  0.0000000e+00],\n",
      "       [ 7.5821594e+01, -6.9395680e+00, -5.8913143e+01,  1.0000000e+00]],\n",
      "      dtype=float32), array([[ 3.9543045e-01,  7.2680853e-02,  9.1561580e-01,  0.0000000e+00],\n",
      "       [-4.4041652e-02,  9.9721807e-01, -6.0137935e-02,  0.0000000e+00],\n",
      "       [-9.1743946e-01, -1.6544862e-02,  3.9753136e-01,  0.0000000e+00],\n",
      "       [ 8.5292526e+01,  5.2604973e-01, -4.7096985e+01,  1.0000000e+00]],\n",
      "      dtype=float32), array([[ 1.6559789e-01,  6.7239292e-02,  9.8389846e-01,  0.0000000e+00],\n",
      "       [-5.0160173e-02,  9.9695599e-01, -5.9689280e-02,  0.0000000e+00],\n",
      "       [-9.8491693e-01, -3.9468095e-02,  1.6846652e-01,  0.0000000e+00],\n",
      "       [ 9.4506538e+01,  2.4424818e+00, -2.7255508e+01,  1.0000000e+00]],\n",
      "      dtype=float32), array([[ 8.2405202e-02,  8.3419457e-02,  9.9310148e-01,  0.0000000e+00],\n",
      "       [-5.3060152e-02,  9.9544448e-01, -7.9213463e-02,  0.0000000e+00],\n",
      "       [-9.9518538e-01, -4.6166513e-02,  8.6456053e-02,  0.0000000e+00],\n",
      "       [ 9.6639114e+01,  2.4804742e+00, -2.1182890e+01,  1.0000000e+00]],\n",
      "      dtype=float32), array([[-7.2956868e-02,  7.9412006e-02,  9.9416852e-01,  0.0000000e+00],\n",
      "       [-5.8188651e-02,  9.9478799e-01, -8.3731651e-02,  0.0000000e+00],\n",
      "       [-9.9563617e-01, -6.3958123e-02, -6.7955732e-02,  0.0000000e+00],\n",
      "       [ 9.9035164e+01,  3.8751168e+00, -7.8957248e+00,  1.0000000e+00]],\n",
      "      dtype=float32), array([[-1.59189180e-01,  8.93637910e-02,  9.83195245e-01,\n",
      "         0.00000000e+00],\n",
